{"nodes": [{"name": "DANLaIPS"}, {"name": "DANLFEF"}, {"name": "DANLpIPS"}, {"name": "DANRaIPS"}, {"name": "DANRFEF"}, {"name": "DANRpIPS"}, {"name": "DMNLAG"}, {"name": "DMNLHC"}, {"name": "DMNLlattemp"}, {"name": "DMNmPFC"}, {"name": "DMNPCC"}, {"name": "DMNRAG"}, {"name": "DMNRHC"}, {"name": "DMNRlattemp"}, {"name": "FPTCLdlPFC"}, {"name": "FPTCLfrontal"}, {"name": "FPTCLIPL"}, {"name": "FPTCLIPS"}, {"name": "FPTCRdlPFC"}, {"name": "FPTCRfrontal"}, {"name": "FPTCRIPL"}, {"name": "FPTCRIPS"}, {"name": "SALACC"}, {"name": "SALLFIC"}, {"name": "SALRFIC"}, {"name": "SENLSM"}, {"name": "SENLV1"}, {"name": "SENRSM"}, {"name": "SENRV1"}], "times": [{"matrix": [[1.0, 0.8042926815297758, 0.8857722411970114, 0.8645605619921247, 0.8284276546275987, 0.8685124413309329, 0.6348488669909157, 0.536578239865815, 0.060007754300476134, -0.631571155836255, 0.033262471309259, 0.689700512777317, -0.02207110170043338, 0.713785493639281, 0.8075375899962116, 0.15865063584162098, 0.8613808380996721, 0.9459087130049181, 0.7768968433019396, 0.7549249036273534, 0.8322084034152478, 0.7990290355285556, -0.7064105075194215, 0.3290719360773579, 0.7032643048751793, 0.7461790805963628, 0.2504877348021871, 0.07573795854844817, 0.385620924250685], [0.8042926815297758, 1.0, 0.9275744064409734, 0.9544840152342943, 0.961361067103086, 0.9515934792672195, 0.689285221828243, 0.8517916551943822, 0.11572320073322011, -0.7085217631044922, -0.03722970867180982, 0.8565225408145536, -0.28282486387024625, 0.9154917486597697, 0.8599269785327317, 0.10749564070708098, 0.9571018950193567, 0.8252941883899739, 0.9528224849615403, 0.7694582472994965, 0.9631095559068931, 0.9532513738569185, -0.94063374723991, 0.1930270964666516, 0.5777568507770052, 0.4910408189555376, 0.26145918312173405, -0.17508831202845063, 0.44916897098523], [0.8857722411970114, 0.9275744064409734, 1.0, 0.966930053371711, 0.9353536514663987, 0.9620484283745451, 0.6164768889465674, 0.7447132466180669, -0.05409961652584327, -0.7155374731979707, 0.0216258231143224, 0.7758875961138593, -0.07624689567476792, 0.8935000604959631, 0.8663889012618863, 0.3909144692352686, 0.9107448767383725, 0.9331130729194997, 0.89826029021224, 0.8535863915347245, 0.9783698682423517, 0.9193040339981331, -0.7632763575991673, 0.19957760639008448, 0.6493191836889513, 0.6231627177478947, 0.41629599514920257, -0.1308925600388253, 0.564429557654891], [0.8645605619921247, 0.9544840152342943, 0.966930053371711, 1.0, 0.9605507618334741, 0.9849408317981966, 0.5904592275302073, 0.6966034040919634, 0.05582997191768576, -0.7163370977409869, -0.16102732535057765, 0.7656424637264948, -0.3190406336048218, 0.8570090047844118, 0.8779344557754505, 0.1941404510463006, 0.9560603164536562, 0.8843709942717256, 0.8847657561292894, 0.8985624045529697, 0.9873458182856667, 0.8947288739139869, -0.8291317041057232, 0.3879890438183742, 0.6707285426202445, 0.533916918582817, 0.447143896625109, -0.22960963668269463, 0.5872755372766343], [0.8284276546275987, 0.961361067103086, 0.9353536514663987, 0.9605507618334741, 1.0, 0.9897755834779853, 0.7790786344273078, 0.7229446108997313, 0.27370489294929856, -0.5434526404232073, 0.04300766060352825, 0.9099613332471825, -0.2357380726764669, 0.8102192228989784, 0.961190216264558, 0.20954456862719942, 0.9846962605221321, 0.9017827895973729, 0.9646374597487545, 0.7490765427154716, 0.9751091703055267, 0.9636425190919871, -0.8583162051554784, 0.30177856054741387, 0.4665912687139684, 0.6487947390940826, 0.20561949305400945, -0.011146067116483343, 0.3591290364715271], [0.8685124413309329, 0.9515934792672195, 0.9620484283745451, 0.9849408317981966, 0.9897755834779853, 1.0, 0.7082706829576998, 0.6829121906587439, 0.1891414469718595, -0.6004467724664482, -0.028943202816819096, 0.8510598569726222, -0.2451209388391592, 0.8145604279132656, 0.9459297094425514, 0.23720584572905332, 0.979672963244776, 0.9227988944655877, 0.931269864899724, 0.819933856953345, 0.9881009928113392, 0.9371902538477812, -0.8235637483749045, 0.357294125284018, 0.5542816331878503, 0.6447205525542665, 0.3112883726841913, -0.07216726924986251, 0.4519023778275377], [0.6348488669909157, 0.689285221828243, 0.6164768889465674, 0.5904592275302073, 0.7790786344273078, 0.7082706829576998, 1.0, 0.5596136899604276, 0.6318876306167347, -0.05531501754122273, 0.5376885840147702, 0.9532652756835907, 0.13761979620756698, 0.477511464138397, 0.8611969005165101, 0.1570763995876855, 0.7693746853411971, 0.7531137936999112, 0.8539076470475693, 0.19939138842873677, 0.6461982234576958, 0.837131094020818, -0.6806745635525239, 0.0008397922041594122, -0.015457183697570993, 0.8185504464684474, -0.4344490321573471, 0.5696073064295034, -0.28299953165851793], [0.536578239865815, 0.8517916551943822, 0.7447132466180669, 0.6966034040919634, 0.7229446108997313, 0.6829121906587439, 0.5596136899604276, 1.0, -0.1318046695472336, -0.7031335912925738, 0.17246406467040545, 0.72756101038134, -0.017587124309989804, 0.9344087924022295, 0.5724832516460558, 0.18510012024109976, 0.6880060173069799, 0.571990906699962, 0.8293460378434374, 0.5043808732414274, 0.7490189062022593, 0.8326819749239698, -0.8404448902024596, -0.3032715679962011, 0.42977241531910704, 0.2565098600809965, 0.12913051744977824, -0.19992608730818975, 0.3516960652125594], [0.060007754300476134, 0.11572320073322011, -0.05409961652584327, 0.05582997191768576, 0.27370489294929856, 0.1891414469718595, 0.6318876306167347, -0.1318046695472336, 1.0, 0.5497567877796787, 0.24958045255912298, 0.4868304018786757, -0.21021119447734785, -0.25761988428927657, 0.4419734330997284, -0.307474992394978, 0.3080652839733038, 0.15508410778238563, 0.27109658164060135, -0.2636111541911145, 0.069025764780876, 0.22148897655207056, -0.223419226987529, 0.3268980658622237, -0.483967857739812, 0.41562527158876045, -0.667450259810507, 0.61292051371229, -0.6635727109734123], [-0.631571155836255, -0.7085217631044922, -0.7155374731979707, -0.7163370977409869, -0.5434526404232073, -0.6004467724664482, -0.05531501754122273, -0.7031335912925738, 0.5497567877796787, 1.0, 0.4017123711831357, -0.2749276828538013, 0.2721773867102867, -0.8574660111540009, -0.3306330876325337, -0.024209347655297277, -0.563493838896055, -0.5011094894324412, -0.5045071200319484, -0.8262581721928683, -0.6701265459716573, -0.5322520152326129, 0.6612435592439635, -0.10555734971818498, -0.9153808519165595, -0.012559313954244066, -0.6785179527849678, 0.6449054517837576, -0.825696112423509], [0.033262471309259, -0.03722970867180982, 0.0216258231143224, -0.16102732535057765, 0.04300766060352825, -0.028943202816819096, 0.5376885840147702, 0.17246406467040545, 0.24958045255912298, 0.4017123711831357, 1.0, 0.38387056153822957, 0.832732919115357, -0.0054574663050590555, 0.17086068359999196, 0.47419950285937046, -0.03729532175162878, 0.19377652995234868, 0.2444246337138318, -0.46657360697871947, -0.0378515595663923, 0.24960761442368087, 0.08688121027976342, -0.681417883754709, -0.5361918041430089, 0.5712068882757246, -0.6744092874808525, 0.8220866725029392, -0.6132166889681857], [0.689700512777317, 0.8565225408145536, 0.7758875961138593, 0.7656424637264948, 0.9099613332471825, 0.8510598569726222, 0.9532652756835907, 0.72756101038134, 0.4868304018786757, -0.2749276828538013, 0.38387056153822957, 1.0, -0.011081109688757699, 0.6821542296644968, 0.9269492945836308, 0.20687954987560797, 0.8844231085963804, 0.8114335144828035, 0.964830645426391, 0.41403629562668626, 0.8220233293810395, 0.9518334517288689, -0.8107167349266178, 0.0363833330152845, 0.14293991211453103, 0.7324391175221453, -0.19685496031347915, 0.31577386255020673, -0.024382836421561586], [-0.02207110170043338, -0.28282486387024625, -0.07624689567476792, -0.3190406336048218, -0.2357380726764669, -0.2451209388391592, 0.13761979620756698, -0.017587124309989804, -0.21021119447734785, 0.2721773867102867, 0.832732919115357, -0.011081109688757699, 1.0, -0.1017639434599073, -0.12443240041818324, 0.6277112830167061, -0.3019477356640245, 0.07695447592729593, -0.07166181033186128, -0.41539670536438433, -0.22694677907356497, -0.03843809629536383, 0.38572773310114844, -0.720261607963278, -0.3073958859411212, 0.3957910897420323, -0.37814618606678535, 0.6244604434515229, -0.3739566385369233], [0.713785493639281, 0.9154917486597697, 0.8935000604959631, 0.8570090047844118, 0.8102192228989784, 0.8145604279132656, 0.477511464138397, 0.9344087924022295, -0.25761988428927657, -0.8574660111540009, -0.0054574663050590555, 0.6821542296644968, -0.1017639434599073, 1.0, 0.6456026024347812, 0.24768690255678272, 0.7781260631107724, 0.7168730553815297, 0.8408678652147822, 0.7620585725731255, 0.8782276071459273, 0.8582498588291714, -0.8303311586103874, -0.07110406326245072, 0.6605132881444354, 0.32613572314537087, 0.4111516804785719, -0.3333763994386028, 0.6083387159080955], [0.8075375899962116, 0.8599269785327317, 0.8663889012618863, 0.8779344557754505, 0.961190216264558, 0.9459297094425514, 0.8611969005165101, 0.5724832516460558, 0.4419734330997284, -0.3306330876325337, 0.17086068359999196, 0.9269492945836308, -0.12443240041818324, 0.6456026024347812, 1.0, 0.27465494121684764, 0.9504801809254264, 0.9194467490778968, 0.9243506475737896, 0.6208793798389747, 0.9010008080631898, 0.920638459213688, -0.7453163424374593, 0.3294964441731347, 0.313758106704567, 0.7862932341514942, 0.044881465443133386, 0.21440312202516595, 0.16750152766780002], [0.15865063584162098, 0.10749564070708098, 0.3909144692352686, 0.1941404510463006, 0.20954456862719942, 0.23720584572905332, 0.1570763995876855, 0.18510012024109976, -0.307474992394978, -0.024209347655297277, 0.47419950285937046, 0.20687954987560797, 0.6277112830167061, 0.24768690255678272, 0.27465494121684764, 1.0, 0.08941986753990319, 0.3880645468898984, 0.24514023658746775, 0.17575297039293714, 0.2941127185409404, 0.2845194783095581, 0.18626047104601845, -0.3513143898426856, -0.047938528615746406, 0.4208527054421161, 0.22165477058571173, 0.1806885335328977, 0.20517479021729007], [0.8613808380996721, 0.9571018950193567, 0.9107448767383725, 0.9560603164536562, 0.9846962605221321, 0.979672963244776, 0.7693746853411971, 0.6880060173069799, 0.3080652839733038, -0.563493838896055, -0.03729532175162878, 0.8844231085963804, -0.3019477356640245, 0.7781260631107724, 0.9504801809254264, 0.08941986753990319, 1.0, 0.8942111058808969, 0.9370763877618896, 0.7514544423133475, 0.9502445455738096, 0.9334979504774328, -0.8913381094410633, 0.37789814437017155, 0.5296285293744973, 0.6315187944468166, 0.18377060258117575, -0.020108416484804527, 0.33846649724637223], [0.9459087130049181, 0.8252941883899739, 0.9331130729194997, 0.8843709942717256, 0.9017827895973729, 0.9227988944655877, 0.7531137936999112, 0.571990906699962, 0.15508410778238563, -0.5011094894324412, 0.19377652995234868, 0.8114335144828035, 0.07695447592729593, 0.7168730553815297, 0.9194467490778968, 0.3880645468898984, 0.8942111058808969, 1.0, 0.8646389208645249, 0.7158809276710348, 0.891396340924178, 0.8838702275099023, -0.6710839142936487, 0.2553541133532187, 0.5299890341612383, 0.8425745092831584, 0.19353120787457703, 0.18514807304750217, 0.3190995909351666], [0.7768968433019396, 0.9528224849615403, 0.89826029021224, 0.8847657561292894, 0.9646374597487545, 0.931269864899724, 0.8539076470475693, 0.8293460378434374, 0.27109658164060135, -0.5045071200319484, 0.2444246337138318, 0.964830645426391, -0.07166181033186128, 0.8408678652147822, 0.9243506475737896, 0.24514023658746775, 0.9370763877618896, 0.8646389208645249, 1.0, 0.6038910072445759, 0.9292313151943501, 0.997898873843561, -0.8747687919855817, 0.05657003675119601, 0.3555073702656986, 0.6675344598941401, 0.03685605714408818, 0.10168083719950884, 0.2232335129830679], [0.7549249036273534, 0.7694582472994965, 0.8535863915347245, 0.8985624045529697, 0.7490765427154716, 0.819933856953345, 0.19939138842873677, 0.5043808732414274, -0.2636111541911145, -0.8262581721928683, -0.46657360697871947, 0.41403629562668626, -0.41539670536438433, 0.7620585725731255, 0.6208793798389747, 0.17575297039293714, 0.7514544423133475, 0.7158809276710348, 0.6038910072445759, 1.0, 0.8444191711659934, 0.6274421656104823, -0.6165449457184822, 0.5139692826674382, 0.8502616170143488, 0.2668257603688469, 0.776953669625066, -0.5324997209436265, 0.8577358406040327], [0.8322084034152478, 0.9631095559068931, 0.9783698682423517, 0.9873458182856667, 0.9751091703055267, 0.9881009928113392, 0.6461982234576958, 0.7490189062022593, 0.069025764780876, -0.6701265459716573, -0.0378515595663923, 0.8220233293810395, -0.22694677907356497, 0.8782276071459273, 0.9010008080631898, 0.2941127185409404, 0.9502445455738096, 0.891396340924178, 0.9292313151943501, 0.8444191711659934, 1.0, 0.9392594526261084, -0.8195094913257964, 0.27134690313633375, 0.5789346022172446, 0.5735767587637217, 0.3861401780396551, -0.1649611668135296, 0.5345176382432899], [0.7990290355285556, 0.9532513738569185, 0.9193040339981331, 0.8947288739139869, 0.9636425190919871, 0.9371902538477812, 0.837131094020818, 0.8326819749239698, 0.22148897655207056, -0.5322520152326129, 0.24960761442368087, 0.9518334517288689, -0.03843809629536383, 0.8582498588291714, 0.920638459213688, 0.2845194783095581, 0.9334979504774328, 0.8838702275099023, 0.997898873843561, 0.6274421656104823, 0.9392594526261084, 1.0, -0.8603359771765572, 0.04383975769036743, 0.3868107941906524, 0.6811733161432252, 0.07209832308423608, 0.09220601950521828, 0.2575699245245569], [-0.7064105075194215, -0.94063374723991, -0.7632763575991673, -0.8291317041057232, -0.8583162051554784, -0.8235637483749045, -0.6806745635525239, -0.8404448902024596, -0.223419226987529, 0.6612435592439635, 0.08688121027976342, -0.8107167349266178, 0.38572773310114844, -0.8303311586103874, -0.7453163424374593, 0.18626047104601845, -0.8913381094410633, -0.6710839142936487, -0.8747687919855817, -0.6165449457184822, -0.8195094913257964, -0.8603359771765572, 1.0, -0.17559374230780592, -0.5302636579235911, -0.3508032222838595, -0.08123196550456434, 0.1630529774062233, -0.2883669008758068], [0.3290719360773579, 0.1930270964666516, 0.19957760639008448, 0.3879890438183742, 0.30177856054741387, 0.357294125284018, 0.0008397922041594122, -0.3032715679962011, 0.3268980658622237, -0.10555734971818498, -0.681417883754709, 0.0363833330152845, -0.720261607963278, -0.07110406326245072, 0.3294964441731347, -0.3513143898426856, 0.37789814437017155, 0.2553541133532187, 0.05657003675119601, 0.5139692826674382, 0.27134690313633375, 0.04383975769036743, -0.17559374230780592, 1.0, 0.3747746086306178, 0.09041436780847305, 0.3900049456861503, -0.24699523591583497, 0.31371246902433964], [0.7032643048751793, 0.5777568507770052, 0.6493191836889513, 0.6707285426202445, 0.4665912687139684, 0.5542816331878503, -0.015457183697570993, 0.42977241531910704, -0.483967857739812, -0.9153808519165595, -0.5361918041430089, 0.14293991211453103, -0.3073958859411212, 0.6605132881444354, 0.313758106704567, -0.047938528615746406, 0.5296285293744973, 0.5299890341612383, 0.3555073702656986, 0.8502616170143488, 0.5789346022172446, 0.3868107941906524, -0.5302636579235911, 0.3747746086306178, 1.0, 0.08273151355512634, 0.7106840062613431, -0.5735345620824248, 0.8019736452682601], [0.7461790805963628, 0.4910408189555376, 0.6231627177478947, 0.533916918582817, 0.6487947390940826, 0.6447205525542665, 0.8185504464684474, 0.2565098600809965, 0.41562527158876045, -0.012559313954244066, 0.5712068882757246, 0.7324391175221453, 0.3957910897420323, 0.32613572314537087, 0.7862932341514942, 0.4208527054421161, 0.6315187944468166, 0.8425745092831584, 0.6675344598941401, 0.2668257603688469, 0.5735767587637217, 0.6811733161432252, -0.3508032222838595, 0.09041436780847305, 0.08273151355512634, 1.0, -0.24131702484732245, 0.6651268666431336, -0.16677948618137034], [0.2504877348021871, 0.26145918312173405, 0.41629599514920257, 0.447143896625109, 0.20561949305400945, 0.3112883726841913, -0.4344490321573471, 0.12913051744977824, -0.667450259810507, -0.6785179527849678, -0.6744092874808525, -0.19685496031347915, -0.37814618606678535, 0.4111516804785719, 0.044881465443133386, 0.22165477058571173, 0.18377060258117575, 0.19353120787457703, 0.03685605714408818, 0.776953669625066, 0.3861401780396551, 0.07209832308423608, -0.08123196550456434, 0.3900049456861503, 0.7106840062613431, -0.24131702484732245, 1.0, -0.8191585168786348, 0.9711860243241875], [0.07573795854844817, -0.17508831202845063, -0.1308925600388253, -0.22960963668269463, -0.011146067116483343, -0.07216726924986251, 0.5696073064295034, -0.19992608730818975, 0.61292051371229, 0.6449054517837576, 0.8220866725029392, 0.31577386255020673, 0.6244604434515229, -0.3333763994386028, 0.21440312202516595, 0.1806885335328977, -0.020108416484804527, 0.18514807304750217, 0.10168083719950884, -0.5324997209436265, -0.1649611668135296, 0.09220601950521828, 0.1630529774062233, -0.24699523591583497, -0.5735345620824248, 0.6651268666431336, -0.8191585168786348, 1.0, -0.82218958929401], [0.385620924250685, 0.44916897098523, 0.564429557654891, 0.5872755372766343, 0.3591290364715271, 0.4519023778275377, -0.28299953165851793, 0.3516960652125594, -0.6635727109734123, -0.825696112423509, -0.6132166889681857, -0.024382836421561586, -0.3739566385369233, 0.6083387159080955, 0.16750152766780002, 0.20517479021729007, 0.33846649724637223, 0.3190995909351666, 0.2232335129830679, 0.8577358406040327, 0.5345176382432899, 0.2575699245245569, -0.2883669008758068, 0.31371246902433964, 0.8019736452682601, -0.16677948618137034, 0.9711860243241875, -0.82218958929401, 1.0]], "name": 0}, {"matrix": [[1.0, 0.8191324403481297, 0.8823693072803024, 0.8227774094748986, 0.8341137138845202, 0.8160128058844717, 0.7887280519685884, 0.6797091222000258, 0.30819991161736127, -0.5795231390511659, 0.5666135135558256, 0.8058759582748639, 0.3036256938220162, 0.7738606941673886, 0.8418082817549276, -0.06361229784999697, 0.8775513299945269, 0.9645868583695392, 0.8466346194883049, 0.732863388257609, 0.7984416757904579, 0.842192058695171, -0.750339032708721, 0.6326642033327734, 0.7860102130851817, 0.8224964749787465, 0.024026035269071367, 0.2799747996349822, 0.29161155705531355], [0.8191324403481297, 1.0, 0.9333424805602565, 0.9586554376811327, 0.9646877262271245, 0.9413919505946347, 0.725650261203948, 0.9248941833105631, 0.260303417528309, -0.7020001483050325, 0.2779579102795259, 0.8981448252834398, -0.24188240700553612, 0.9330505630487571, 0.8736406884359492, -0.037173596818436246, 0.9640335741006824, 0.8269809861937749, 0.9762706587087855, 0.8289839847173158, 0.9555353432809591, 0.980948251911333, -0.9455378749252943, 0.4381596750848712, 0.6680702282091724, 0.566107100247256, 0.14952189075478373, -0.07343144523401886, 0.4330813235385134], [0.8823693072803024, 0.9333424805602565, 1.0, 0.980248892315943, 0.9412342653187274, 0.9590328284154704, 0.6486794855106929, 0.811533214948288, 0.10878795043012715, -0.7189457589642833, 0.28893483468883085, 0.8137839431458125, 0.025072041239694438, 0.9069834179803167, 0.8745458820881032, 0.2334583325150984, 0.9218715089780976, 0.9024388533281966, 0.9185342480737206, 0.9402366709855751, 0.9752133936475266, 0.943861590403134, -0.7842560496000093, 0.4873897634816574, 0.7421444690355229, 0.6819534479037743, 0.34544792019979176, -0.05099107377847325, 0.5770817713889485], [0.8227774094748986, 0.9586554376811327, 0.980248892315943, 1.0, 0.9634346677851162, 0.9886229757097291, 0.6199590639116574, 0.8212439709703381, 0.1237029183210094, -0.7010144777446783, 0.1851789055995217, 0.8302788005378575, -0.15217416955416613, 0.8922733708951361, 0.8773697823150644, 0.22436214037802601, 0.9348621947132048, 0.8384483108035238, 0.9359100659043561, 0.9215141321228396, 0.9971866623985608, 0.9697425751250783, -0.8219089657247196, 0.45220838421132403, 0.648953260245787, 0.6485884012798909, 0.3190576293328983, -0.07964453867656617, 0.5386927462938148], [0.8341137138845202, 0.9646877262271245, 0.9412342653187274, 0.9634346677851162, 1.0, 0.9790979738418594, 0.7887739785705447, 0.8096909818701307, 0.3772925387372541, -0.5379536999342952, 0.37305682092562525, 0.9467738377749811, -0.15227665162848378, 0.8397690367414318, 0.9619473882946443, 0.07718659487854652, 0.9856659259999901, 0.8844783684060683, 0.9895584381775934, 0.7997157735232605, 0.968437061177833, 0.9957245391344287, -0.8696237386019988, 0.61122925657947, 0.546156533478431, 0.7221518300261558, 0.08358548111757973, 0.11321766830028322, 0.32966517579654264], [0.8160128058844717, 0.9413919505946347, 0.9590328284154704, 0.9886229757097291, 0.9790979738418594, 1.0, 0.6665926129925687, 0.7617317170925749, 0.225541988549954, -0.5919830437539594, 0.22648421714450837, 0.8681354953478608, -0.15466643340934336, 0.825223972476381, 0.9225451366530572, 0.23022499858693113, 0.9504074570207006, 0.8478666663390522, 0.9451560883620914, 0.8662827001581698, 0.9888354545017319, 0.9771856839296443, -0.8060266462962639, 0.5414568339007857, 0.5550555176022123, 0.7210539732005504, 0.22155072096499567, 0.041607784452929134, 0.4258413767941456], [0.7887280519685884, 0.725650261203948, 0.6486794855106929, 0.6199590639116574, 0.7887739785705447, 0.6665926129925687, 1.0, 0.600783683506682, 0.7944709008025616, -0.15083930863613781, 0.8146600283470744, 0.9325445302720712, 0.11650035151696528, 0.5661148165233731, 0.8769340023509351, -0.3692359238670597, 0.8450407873640042, 0.8560283091294814, 0.8386364634155083, 0.35931736056386776, 0.625441562760574, 0.7718080457506848, -0.7608908203016395, 0.8193399846692451, 0.4002679989470857, 0.7449976328148777, -0.4470680181366358, 0.5359099659975837, -0.16236541912340136], [0.6797091222000258, 0.9248941833105631, 0.811533214948288, 0.8212439709703381, 0.8096909818701307, 0.7617317170925749, 0.600783683506682, 1.0, 0.11284234065702328, -0.805400460585829, 0.1997084928914813, 0.7551660762634049, -0.2828644095500041, 0.9632115973952804, 0.6668884049070325, -0.17210850490220417, 0.8180581098730593, 0.6699870745560685, 0.8548864396381942, 0.7590201234292517, 0.815464023915489, 0.8448659294239907, -0.9321320768443385, 0.16045139446296486, 0.7365471402077084, 0.2677178688346288, 0.20935749941586637, -0.30956855431059005, 0.5198791981160934], [0.30819991161736127, 0.260303417528309, 0.10878795043012715, 0.1237029183210094, 0.3772925387372541, 0.225541988549954, 0.7944709008025616, 0.11284234065702328, 1.0, 0.4369237489875424, 0.7532307526775776, 0.6373102478714688, -0.018687333886482006, 0.0006020038221479739, 0.552429372748363, -0.5294971863780935, 0.4422693497945995, 0.41246649093225934, 0.43190843903501397, -0.22610398768171516, 0.14648844198316338, 0.33891578055384175, -0.3758272095716554, 0.7868765915500002, -0.1878964280215325, 0.5058529135377622, -0.8247660245119509, 0.7555231060907698, -0.6731368460613318], [-0.5795231390511659, -0.7020001483050325, -0.7189457589642833, -0.7010144777446783, -0.5379536999342952, -0.5919830437539594, -0.15083930863613781, -0.805400460585829, 0.4369237489875424, 1.0, 0.16406576119177874, -0.3421828580698573, 0.10650794052725596, -0.8722068481536336, -0.3355809781053619, -0.10150719367487059, -0.5341301726516364, -0.47202067628235567, -0.5485976954488714, -0.8387460793459997, -0.6706386823389634, -0.5936234516983512, 0.6385272803440327, 0.19333411661245314, -0.875552290556391, -0.09772346361121884, -0.6147430580468406, 0.5881154452955601, -0.8229660541997152], [0.5666135135558256, 0.2779579102795259, 0.28893483468883085, 0.1851789055995217, 0.37305682092562525, 0.22648421714450837, 0.8146600283470744, 0.1997084928914813, 0.7532307526775776, 0.16406576119177874, 1.0, 0.5801033763482949, 0.5182295712704911, 0.21044845875802312, 0.5322402878508196, -0.42478402091391004, 0.4337984741100889, 0.6458308471598977, 0.4359214329301215, 0.020870812551592968, 0.19452010940811057, 0.3406295581469041, -0.3151169148043454, 0.7643020952270168, 0.23148752464015912, 0.6058084220668692, -0.5212164799805724, 0.6792734150629293, -0.316406072709692], [0.8058759582748639, 0.8981448252834398, 0.8137839431458125, 0.8302788005378575, 0.9467738377749811, 0.8681354953478608, 0.9325445302720712, 0.7551660762634049, 0.6373102478714688, -0.3421828580698573, 0.5801033763482949, 1.0, -0.11833275276112923, 0.7301332529251322, 0.9634171041073766, -0.17218185136217268, 0.9638617750671615, 0.8726744659361636, 0.9683598514025378, 0.5841404608966766, 0.838537761188766, 0.937156490623763, -0.8807622813647552, 0.7247209196882262, 0.43794298029415035, 0.7339714577416644, -0.21980385910190745, 0.32267893771372774, 0.05647369658274524], [0.3036256938220162, -0.24188240700553612, 0.025072041239694438, -0.15217416955416613, -0.15227665162848378, -0.15466643340934336, 0.11650035151696528, -0.2828644095500041, -0.018687333886482006, 0.10650794052725596, 0.5182295712704911, -0.11833275276112923, 1.0, -0.1295034862975687, -0.008598475863391717, 0.14429568954430538, -0.11416741175094298, 0.2996805988785883, -0.15876616013610778, -0.011700461796861907, -0.17476133963864568, -0.17508615790463278, 0.31727292075588953, 0.26832251301557974, 0.28182444108123145, 0.3792555197758909, -0.01200931834077502, 0.4429413424131619, -0.02691759861862757], [0.7738606941673886, 0.9330505630487571, 0.9069834179803167, 0.8922733708951361, 0.8397690367414318, 0.825223972476381, 0.5661148165233731, 0.9632115973952804, 0.0006020038221479739, -0.8722068481536336, 0.21044845875802312, 0.7301332529251322, -0.1295034862975687, 1.0, 0.6980688404455508, -0.00556540464292145, 0.8324472941295142, 0.7572344448415772, 0.8620487288016055, 0.889839313348382, 0.8837562319860647, 0.869496331261199, -0.8666759952360952, 0.21037577171225058, 0.8277253996492376, 0.3784696685387012, 0.3737549075110716, -0.31357238035026785, 0.6630938688402268], [0.8418082817549276, 0.8736406884359492, 0.8745458820881032, 0.8773697823150644, 0.9619473882946443, 0.9225451366530572, 0.8769340023509351, 0.6668884049070325, 0.552429372748363, -0.3355809781053619, 0.5322402878508196, 0.9634171041073766, -0.008598475863391717, 0.6980688404455508, 1.0, 0.052408317535406944, 0.965192520118221, 0.9214192390393396, 0.9500732523604973, 0.6705050483376741, 0.8861512485904861, 0.9394454832162569, -0.782393420813342, 0.791999194617224, 0.4504541293326855, 0.836431770856855, -0.08954947682486993, 0.34429502891201835, 0.13772221119649736], [-0.06361229784999697, -0.037173596818436246, 0.2334583325150984, 0.22436214037802601, 0.07718659487854652, 0.23022499858693113, -0.3692359238670597, -0.17210850490220417, -0.5294971863780935, -0.10150719367487059, -0.42478402091391004, -0.17218185136217268, 0.14429568954430538, -0.00556540464292145, 0.052408317535406944, 1.0, -0.042913796865531366, 0.021730145451031874, -0.05790766901784316, 0.41880073891761604, 0.2388173158453, 0.04177434449413767, 0.3232531659257222, -0.07223489972236273, -0.04688406693254661, 0.13409112843808677, 0.707443643703049, -0.24151917065939607, 0.5066367039209844], [0.8775513299945269, 0.9640335741006824, 0.9218715089780976, 0.9348621947132048, 0.9856659259999901, 0.9504074570207006, 0.8450407873640042, 0.8180581098730593, 0.4422693497945995, -0.5341301726516364, 0.4337984741100889, 0.9638617750671615, -0.11416741175094298, 0.8324472941295142, 0.965192520118221, -0.042913796865531366, 1.0, 0.9088792543355407, 0.9913522720129296, 0.750111538472185, 0.9333847620369184, 0.9854567620510212, -0.9064519283942839, 0.6445437365586161, 0.595825551509289, 0.7363766069876917, -0.01659696981073964, 0.1731036807365317, 0.2554851931563018], [0.9645868583695392, 0.8269809861937749, 0.9024388533281966, 0.8384483108035238, 0.8844783684060683, 0.8478666663390522, 0.8560283091294814, 0.6699870745560685, 0.41246649093225934, -0.47202067628235567, 0.6458308471598977, 0.8726744659361636, 0.2996805988785883, 0.7572344448415772, 0.9214192390393396, 0.021730145451031874, 0.9088792543355407, 1.0, 0.887406167433038, 0.7297095700359434, 0.831780733911431, 0.8719613278969993, -0.7270412382204421, 0.7436130663336892, 0.6918231578754463, 0.85202024240324, 0.012869830514223213, 0.3213174598605903, 0.2692846785227029], [0.8466346194883049, 0.9762706587087855, 0.9185342480737206, 0.9359100659043561, 0.9895584381775934, 0.9451560883620914, 0.8386364634155083, 0.8548864396381942, 0.43190843903501397, -0.5485976954488714, 0.4359214329301215, 0.9683598514025378, -0.15876616013610778, 0.8620487288016055, 0.9500732523604973, -0.05790766901784316, 0.9913522720129296, 0.887406167433038, 1.0, 0.7573656458606289, 0.9390645942222047, 0.9910438898147022, -0.9200681100405856, 0.6037121413133277, 0.579299915048264, 0.6869210284333939, 0.008645603481501852, 0.11957246059978197, 0.2886445473284117], [0.732863388257609, 0.8289839847173158, 0.9402366709855751, 0.9215141321228396, 0.7997157735232605, 0.8662827001581698, 0.35931736056386776, 0.7590201234292517, -0.22610398768171516, -0.8387460793459997, 0.020870812551592968, 0.5841404608966766, -0.011700461796861907, 0.889839313348382, 0.6705050483376741, 0.41880073891761604, 0.750111538472185, 0.7297095700359434, 0.7573656458606289, 1.0, 0.9142819981161792, 0.812169399118586, -0.6349007529222012, 0.21448137420399468, 0.7593761129724621, 0.47496791117221415, 0.636792051404621, -0.3332885916224808, 0.8086597812170351], [0.7984416757904579, 0.9555353432809591, 0.9752133936475266, 0.9971866623985608, 0.968437061177833, 0.9888354545017319, 0.625441562760574, 0.815464023915489, 0.14648844198316338, -0.6706386823389634, 0.19452010940811057, 0.838537761188766, -0.17476133963864568, 0.8837562319860647, 0.8861512485904861, 0.2388173158453, 0.9333847620369184, 0.831780733911431, 0.9390645942222047, 0.9142819981161792, 1.0, 0.9697105604218549, -0.81110418785859, 0.47152395261533114, 0.6132669348947141, 0.6386527715322569, 0.3210352437876185, -0.0842836419795566, 0.5361169519155955], [0.842192058695171, 0.980948251911333, 0.943861590403134, 0.9697425751250783, 0.9957245391344287, 0.9771856839296443, 0.7718080457506848, 0.8448659294239907, 0.33891578055384175, -0.5936234516983512, 0.3406295581469041, 0.937156490623763, -0.17508615790463278, 0.869496331261199, 0.9394454832162569, 0.04177434449413767, 0.9854567620510212, 0.8719613278969993, 0.9910438898147022, 0.812169399118586, 0.9697105604218549, 1.0, -0.9008497658558772, 0.5547077667977484, 0.5849398627360538, 0.6933831089435027, 0.09472032982681869, 0.07341820653260088, 0.35207657902113143], [-0.750339032708721, -0.9455378749252943, -0.7842560496000093, -0.8219089657247196, -0.8696237386019988, -0.8060266462962639, -0.7608908203016395, -0.9321320768443385, -0.3758272095716554, 0.6385272803440327, -0.3151169148043454, -0.8807622813647552, 0.31727292075588953, -0.8666759952360952, -0.782393420813342, 0.3232531659257222, -0.9064519283942839, -0.7270412382204421, -0.9200681100405856, -0.6349007529222012, -0.81110418785859, -0.9008497658558772, 1.0, -0.3632791257913405, -0.6216417280234084, -0.45164128006526993, 0.08692121177012332, 0.018290914583891683, -0.2327129361819354], [0.6326642033327734, 0.4381596750848712, 0.4873897634816574, 0.45220838421132403, 0.61122925657947, 0.5414568339007857, 0.8193399846692451, 0.16045139446296486, 0.7868765915500002, 0.19333411661245314, 0.7643020952270168, 0.7247209196882262, 0.26832251301557974, 0.21037577171225058, 0.791999194617224, -0.07223489972236273, 0.6445437365586161, 0.7436130663336892, 0.6037121413133277, 0.21448137420399468, 0.47152395261533114, 0.5547077667977484, -0.3632791257913405, 1.0, 0.11215386803061042, 0.8480176573755707, -0.4073838523340567, 0.7216994136696285, -0.27723687659223284], [0.7860102130851817, 0.6680702282091724, 0.7421444690355229, 0.648953260245787, 0.546156533478431, 0.5550555176022123, 0.4002679989470857, 0.7365471402077084, -0.1878964280215325, -0.875552290556391, 0.23148752464015912, 0.43794298029415035, 0.28182444108123145, 0.8277253996492376, 0.4504541293326855, -0.04688406693254661, 0.595825551509289, 0.6918231578754463, 0.579299915048264, 0.7593761129724621, 0.6132669348947141, 0.5849398627360538, -0.6216417280234084, 0.11215386803061042, 1.0, 0.33090186896759105, 0.38908541429557814, -0.25789405908184815, 0.6463797477545086], [0.8224964749787465, 0.566107100247256, 0.6819534479037743, 0.6485884012798909, 0.7221518300261558, 0.7210539732005504, 0.7449976328148777, 0.2677178688346288, 0.5058529135377622, -0.09772346361121884, 0.6058084220668692, 0.7339714577416644, 0.3792555197758909, 0.3784696685387012, 0.836431770856855, 0.13409112843808677, 0.7363766069876917, 0.85202024240324, 0.6869210284333939, 0.47496791117221415, 0.6386527715322569, 0.6933831089435027, -0.45164128006526993, 0.8480176573755707, 0.33090186896759105, 1.0, -0.19221951060385725, 0.6657721004759151, -0.06435951927239505], [0.024026035269071367, 0.14952189075478373, 0.34544792019979176, 0.3190576293328983, 0.08358548111757973, 0.22155072096499567, -0.4470680181366358, 0.20935749941586637, -0.8247660245119509, -0.6147430580468406, -0.5212164799805724, -0.21980385910190745, -0.01200931834077502, 0.3737549075110716, -0.08954947682486993, 0.707443643703049, -0.01659696981073964, 0.012869830514223213, 0.008645603481501852, 0.636792051404621, 0.3210352437876185, 0.09472032982681869, 0.08692121177012332, -0.4073838523340567, 0.38908541429557814, -0.19221951060385725, 1.0, -0.7664636683904176, 0.9352471911633509], [0.2799747996349822, -0.07343144523401886, -0.05099107377847325, -0.07964453867656617, 0.11321766830028322, 0.041607784452929134, 0.5359099659975837, -0.30956855431059005, 0.7555231060907698, 0.5881154452955601, 0.6792734150629293, 0.32267893771372774, 0.4429413424131619, -0.31357238035026785, 0.34429502891201835, -0.24151917065939607, 0.1731036807365317, 0.3213174598605903, 0.11957246059978197, -0.3332885916224808, -0.0842836419795566, 0.07341820653260088, 0.018290914583891683, 0.7216994136696285, -0.25789405908184815, 0.6657721004759151, -0.7664636683904176, 1.0, -0.755188022026712], [0.29161155705531355, 0.4330813235385134, 0.5770817713889485, 0.5386927462938148, 0.32966517579654264, 0.4258413767941456, -0.16236541912340136, 0.5198791981160934, -0.6731368460613318, -0.8229660541997152, -0.316406072709692, 0.05647369658274524, -0.02691759861862757, 0.6630938688402268, 0.13772221119649736, 0.5066367039209844, 0.2554851931563018, 0.2692846785227029, 0.2886445473284117, 0.8086597812170351, 0.5361169519155955, 0.35207657902113143, -0.2327129361819354, -0.27723687659223284, 0.6463797477545086, -0.06435951927239505, 0.9352471911633509, -0.755188022026712, 1.0]], "name": 1}, {"matrix": [[1.0, 0.8739315712988144, 0.8993366353624319, 0.6679605987746049, 0.8131815729813586, 0.6708212043034053, 0.8859865066472055, 0.8401697831910762, 0.686042123067987, -0.6809784625074708, 0.8214915025372006, 0.8389946435282051, 0.6974701351091113, 0.9402900466352608, 0.8379891410593343, -0.22107804375332865, 0.8089626403634517, 0.9740842009706524, 0.8518892370400888, 0.5637026826921451, 0.6298680489102162, 0.7848588203012489, -0.679907222613353, 0.42494456095952005, 0.9088037393106311, 0.9653605652252863, -0.4486866189816245, 0.9489440483648839, 0.14142777663827905], [0.8739315712988144, 1.0, 0.9170964136804913, 0.8269685046453984, 0.9702486022798646, 0.849010961237907, 0.905558720050543, 0.9079819987789267, 0.7960729939236212, -0.5116272285538531, 0.6883835769387966, 0.9771851189944492, 0.36647091900721557, 0.9456872622974137, 0.9542148134146669, -0.20610758379495975, 0.9478046666335121, 0.8972883375120454, 0.989587582902039, 0.5889581812525003, 0.8133389294569304, 0.9557249545447372, -0.875786080039143, 0.5109963680038441, 0.6046681384154902, 0.8886185328873413, -0.5217286164607869, 0.8564061470466983, -0.0398819415077645], [0.8993366353624319, 0.9170964136804913, 1.0, 0.8973309161923936, 0.947676207215533, 0.9016273648282532, 0.7972675780914684, 0.7504411909739647, 0.5875824108430755, -0.6193556354569476, 0.6218205931266682, 0.8758489371125441, 0.46382958221054704, 0.9027510000357789, 0.9478265420000145, 0.1061772015380861, 0.9128517698715611, 0.9391784717863653, 0.9224179384778005, 0.81982699815531, 0.8825933473949035, 0.9274002362281384, -0.6943742245083749, 0.5971190431868382, 0.6772995817041246, 0.9203429810754673, -0.2047440803493549, 0.793654254798365, 0.2853324168018353], [0.6679605987746049, 0.8269685046453984, 0.8973309161923936, 1.0, 0.9228976119251977, 0.996967382492266, 0.5859106137717456, 0.531845082229169, 0.41429059236401433, -0.5581795304569269, 0.2624898304823979, 0.7818543580769125, 0.0336562920283914, 0.700124944493558, 0.888661590315406, 0.21068421858470227, 0.916700273446631, 0.7222918826637348, 0.8559212711560945, 0.8977996372561681, 0.9958061398240039, 0.9459896043751783, -0.7382601244441894, 0.7316189401159344, 0.35810416825241653, 0.673130150292085, -0.06453893953951215, 0.5120558438427716, 0.17668497038430822], [0.8131815729813586, 0.9702486022798646, 0.947676207215533, 0.9228976119251977, 1.0, 0.9393011816554141, 0.8365365134312427, 0.7991069466668709, 0.7126990392517141, -0.471860845355704, 0.5716489558011042, 0.9568071566935995, 0.252819813516643, 0.8837664771633081, 0.986183761967562, -0.03397956856341492, 0.9788665242075038, 0.8733847183513941, 0.985847533786698, 0.7249901053491604, 0.9209392713587685, 0.9919357450931611, -0.8458266625422594, 0.654151093485634, 0.5054669885292162, 0.8337845568212603, -0.3661103836926355, 0.7573561191376553, 0.03919033570746844], [0.6708212043034053, 0.849010961237907, 0.9016273648282532, 0.996967382492266, 0.9393011816554141, 1.0, 0.6110386252782624, 0.5633982769404823, 0.45535899251693085, -0.5236628180480725, 0.2827735452461063, 0.8070481272429795, 0.0381281524952318, 0.7127986393862614, 0.9073091088765091, 0.19891122415659043, 0.9291503619773578, 0.7302388974140087, 0.8750953435553326, 0.8730012827155813, 0.9949046239068471, 0.9570949117845703, -0.7539663427689532, 0.7203716942900396, 0.34913880427847355, 0.688470342356688, -0.10263012422632353, 0.5336678184209986, 0.14714620156078073], [0.8859865066472055, 0.905558720050543, 0.7972675780914684, 0.5859106137717456, 0.8365365134312427, 0.6110386252782624, 1.0, 0.9387912893843685, 0.9348635652933566, -0.33636522082309317, 0.8922853162166273, 0.9487670752423304, 0.5559067929250352, 0.9240255659882984, 0.8736321426936844, -0.4390714344831238, 0.8381214438584478, 0.9197311301776023, 0.9095529532852803, 0.33311877165538034, 0.5758672722059485, 0.7981994233488862, -0.8007045259901611, 0.47413571291082257, 0.7163452289231819, 0.8625988991806987, -0.7122794053505888, 0.9558399483416138, -0.1783551007286277], [0.8401697831910762, 0.9079819987789267, 0.7504411909739647, 0.531845082229169, 0.7991069466668709, 0.5633982769404823, 0.9387912893843685, 1.0, 0.8665484691781217, -0.41271807811846706, 0.8559174302757357, 0.9067085554653379, 0.5623856622297732, 0.9437034388009649, 0.793044975775607, -0.4197647205179984, 0.7601929070907137, 0.8416015788595782, 0.874345929352275, 0.2743288637013781, 0.5126449755438404, 0.7631940179488875, -0.7809444140045673, 0.20879047176134502, 0.6701702706334756, 0.856575142998911, -0.7056712927815169, 0.9194310001194469, -0.13884341827997643], [0.686042123067987, 0.7960729939236212, 0.5875824108430755, 0.41429059236401433, 0.7126990392517141, 0.45535899251693085, 0.9348635652933566, 0.8665484691781217, 1.0, -0.03155683272602127, 0.8172730965841835, 0.87713672302604, 0.3738066545489354, 0.761781698320751, 0.7573415542199936, -0.5868989682511203, 0.7253122426044025, 0.737519447246878, 0.8053832930515843, 0.07004023479800608, 0.42244358812391686, 0.6690241411272213, -0.7633470082749014, 0.4265839390161385, 0.488639667581858, 0.677060805810968, -0.836106556925141, 0.8371181048372646, -0.4151798184879763], [-0.6809784625074708, -0.5116272285538531, -0.6193556354569476, -0.5581795304569269, -0.471860845355704, -0.5236628180480725, -0.33636522082309317, -0.41271807811846706, -0.03155683272602127, 1.0, -0.2620912002850589, -0.37259943063787476, -0.39955522008158245, -0.5875667382662774, -0.4161980068270577, -0.03566620186521153, -0.47967427188468087, -0.5551810859077116, -0.4573985914392894, -0.6287434045157048, -0.4855734192290658, -0.5141051905900926, 0.4283729993914265, -0.11074953322334301, -0.6987938438033312, -0.6023285323526102, 0.0110804